0.403404	0.130533	0.079090	-0.010201	-0.043223	-0.005400	
0.130533	0.404796	0.079348	-0.035910	-0.088998	-0.015747	
0.079090	0.079348	0.307926	0.014416	-0.025779	0.004514	
-0.010201	-0.035910	0.014416	0.229620	0.012306	-0.005791	
-0.043223	-0.088998	-0.025779	0.012306	0.285058	0.033426	
-0.005400	-0.015747	0.004514	-0.005791	0.033426	0.171052	
